userid	name	htel	tel
 001	tom	87893	19909722736
 003	jack	87638	16609992323
 004	anna	98888	12345678910
 005	kkkk	88888	12345678911
 006	abcd	98998	12345678912
 007	dite	98858	12345678911
 009	acax	12345	12345678910
 010	soph	12346	12345678911
 012	ovk	12347	12345678912
 013	zcsq	12348	12345678913
 002	erqd	12349	12345678914
 011	oiew	12350	12345678915
 015	qpac	12345678	12345678916
 014	zzsa	12345678	12345678919
 016	alex	12345678912	12345678912
 018	wwpa	01234567891	01234567891
 025	aasf	12345678910	01234567890